189
421
64
938
758
429
179
739
350
327
495
136
787
96
209
811
358
812
404
210
916
8
896
530
765
776
665
816
544
680
508
809
289
820
291
594
606
309
607
851
415
541
699
455
0
250
365
191
885
444
773
521
447
591
342
75
424
611
897
87
498
290
855
303
982
398
143
378
905
185
886
710
333
410
750
859
553
716
567
269
641
805
988
123
482
21
726
688
20
737
779
331
613
672
823
36
584
701
919
307
524
843
683
528
137
540
401
216
245
997
952
616
837
89
322
756
932
501
159
946
134
427
363
12
793
719
120
762
59
19
924
355
720
437
797
352
54
862
305
359
237
246
296
121
201
846
909
537
218
760
985
232
354
546
702
818
425
996
41
381
10
920
243
200
112
995
323
48
522
163
391
377
639
928
686
835
651
379
531
638
67
939
335
127
970
104
370
316
239
713
992
653
139
548
24
543
259
592
642
880
738
282
356
311
573
397
483
603
169
666
590
960
717
568
791
2
967
409
231
443
734
558
450
108
549
668
572
479
744
347
640
929
34
542
428
458
948
448
951
815
945
742
694
868
399
110
156
193
580
890
351
848
47
576
941
1
234
317
538
279
101
244
63
456
505
795
366
380
511
660
977
753
148
593
649
574
23
348
854
69
184
340
984
525
83
873
274
171
870
803
953
687
472
197
6
86
196
408
785
167
861
615
627
949
684
205
551
504
39
277
516
100
346
73
273
469
226
927
361
470
569
431
240
654
957
99
586
308
619
800
373
129
605
617
838
477
295
821
802
853
512
383
106
808
257
266
872
943
801
736
696
233
690
299
513
385
467
489
194
376
675
188
707
725
414
203
515
937
624
406
786
670
918
150
814
602
658
527
866
42
258
221
703
490
964
454
5
476
190
827
235
942
412
743
46
138
441
631
207
933
936
116
829
157
468
206
321
81
198
38
646
217
260
825
648
552
390
336
577
264
693
595
583
176
794
876
781
186
535
68
850
980
219
545
457
559
695
625
131
449
981
958
561
222
585
386
864
473
930
170
673
214
894
879
582
80
368
50
635
402
509
806
31
416
704
529
856
500
741
74
286
35
712
103
181
13
917
754
155
173
77
4
174
242
609
709
679
598
867
986
241
784
283
973
506
52
65
382
433
28
842
230
253
388
578
878
520
874
45
560
152
579
759
411
140
320
270
486
669
711
926
330
151
107
671
834
325
956
676
485
371
863
453
422
315
636
393
58
153
865
319
493
97
597
783
182
238
869
30
49
389
831
430
947
384
523
950
557
72
29
126
491
975
657
338
900
175
722
931
22
731
85
302
88
71