2289
2530
1877
1752
942
2795
1346
1984
1068
2205
534
1027
45
1234
2010
159
2913
319
90
1550
713
1098
568
99
1929
2090
2492
212
2965
1892
2382
2075
405
1586
1919
2891
2780
1812
1562
684
2235
2623
781
897
819
805
255
1448
1324
2798
1438
1951
2981
2387
913
1468
601
1266
2868
1767
2331
2662
2081
944
2513
722
918
2487
2466
1987
1517
238
2245
1874
772
2065
1716
1490
2439
2516
2379
2980
2216
2743
1416
2824
916
308
507
14
33
546
2467
862
2533
1924
2879
141
1763
2874
2228
120
1558
630
263
2178
2943
1176
1298
1733
2161
2489
842
807
1695
2776
1557
2506
998
1040
312
2104
420
1904
1226
1028
1197
1459
2986
2536
1660
1863
746
357
2962
2923
2786
1850
2552
2920
673
1722
1064
1356
1665
2405
1596
2143
677
1672
2486
1383
1335
1993
2441
603
2380
614
1304
276
2447
731
1683
1787
538
1229
447
360
479
576
2555
1804
1054
497
600
2366
1605
101
43
796
2259
1021
442
2199
766
947
782
1007
1571
1096
1889
2967
73
1094
749
1279
123
2898
391
1331
2553
1336
2391
417
2169
329
2434
806
345
1508
1973
2323
1778
1105
27
323
1461
2860
1156
550
1062
2504
2494
1446
1996
1666
2020
2567
2710
2354
788
2192
2994
922
506
808
2381
681
1408
2906
992
1501
2054
1133
72
1171
516
344
2973
890
342
641
1381
2538
2901
1991
1066
1935
837
925
570
1030
659
655
529
2835
2834
579
2951
2938
662
1648
1671
1853
2667
1337
1876
2561
762
2663
369
607
106
779
112
2229
214
1746
266
0
1811
330
744
2713
2223
324
859
2100
2926
2549
304
221
1211
2009
473
256
1372
2016
1810
1936
2660
2440
2162
2393
1639
663
2846
445
2741
1136
10
2362
2726
2701
1604
1717
1280
799
22
1948
395
1164
2327
1629
2102
867
2298
174
2038
1180
2811
2182
573
884
196
800
1611
278
1258
612
2699
168
2479
1125
2727
973
2781
1844
1946
1090
119
2992
870
2978
1624
609
2859
1342
1299
58
1982
1050
2904
2896
967
2392
2659
2736
671
2785
592
939
605
2473
2841
375
1400
2281
2358
1154
631
581
531
2697
2051
2541
1471
2121
674
1441
2581
183
2372
1776
1442
1230
1244
1019
2595
2709
2870
2314
1294
1614
1818
350
1316
162
2724
2246
905
629
2603
2111
2643
2316
2639
501
864
732
1792
1128
2183
2809
1430
873
414
487
299
1240
2772
2770
666
1071
1168
812
1748
1759
2231
803
2523
438
2202
1403
2313
2977
1042
1357
1339
233
1916
910
1807
1528
1011
1445
1911
2328
729
2974
1674
1945
2671
331
526
454
2464
2658
894
1699
40
972
192
396
625
857
2144
1091
2945
1089
1058
1322
349
898
2954
2903
1912
75
2854
164
2757
1978
193
2821
828
2015
2861
1839
2113
1913
2163
1718
1371
1046
1510
495
1934
390
2531
2806
911
1497
1783
522
2932
2222
969
1886
2610
485
2134
1153
1858
2238
686
209
455
2000
1979
81
340
2615
2580
2263
46
1423
1560
290
888
2496
599
1775
1111
2168
132
2515
1348
1953
1687
2378
392
1903
1386
2853
653
203
1576
85
2737
1781
2063
2363
2611
2510
2232
2175
836
300
150
1527
1443
1541
250
1538
205
2651
2524
958
1314
990
2887
804
1709
926
1485
735
1026
109
2022
1077
2148
136
400
1677
175
1667
474
2215
610
931
2014
488
2
2715
527
2890
236
241
1902
571
44
63
1003
67
957
2876
149
1288
460
1542
734
702
2101
226
2039
425
50
12
1965
1966
264
1370
1390
280
1131
523
188
1685
2804
1703
1025
983
2002
646
635
917
1796
436
2802
2910
2445
1301
366
113
1989
1052
2093
1432
1631
1595
2606
167
2756
2863
2225
2308
2762
1883
728
2321
1101
1056
2369
1139
19
2751
2768
1861
2451
211
1516
1998
2122
1799
490
976
758
2815
373
1166
514
1481
216
2925
2997
1100
2722
2468
1970
2398
2686
1506
1033
1789
95
2243
1249
616
1191
160
1484
2127
795
1940
2559
259
1024
667
298
2907
1599
2265
1577
25
2528
577
1055
384
31
1380
1615
2214
2573
1519
2140
1790
265
1937
1522
2518
748
2044
1808
418
1869
649
1010
2408
848
1920
2256
2353
18
11
843
2942
1713
2674
2173
2110
863
1530
201
637
1338
2705
351
743
2226
2449
1762
2011
91
851
365
1961
694
1405
554
1224
2427
1749
747
1243
844
1254
1932
1820
590
2291
2535
2548
770
2600
437
1825
1914
84
661
783
1827
2629
1259
1492
2509
1806
374
1708
398
2083
2435
138
2819
2832
15
1118
2622
1475
383
558
2618
2669
1313
1856
2690
2788
2438
1109
891
2047
1795
1714
594
2796
1108
679
2546
1574
1369
2288
2970
499
1656
1907
352
1114
235
1212
2460
86
1591
564
469
624
2688
2637
2266
1434
103
2598
904
57
1994
1116
1865
1585
2007
1398
2057
407
692
813
2080
2886
703
2620
413
1309
2498
2707
1928
1402
1609
1601
877
2888
1037
1350
288
1389
1668
2396
1828
1415
1377
68
999
1404
1927
2295
502
1076
2512
1890
882
2181
2782
1084
2023
1607
2525
1852
2442
2103
152
1610
2745
869
1420
355
1561
1099
737
2534
2829
832
1293
1093
2348
2153
260
2805
2837
1563
2034
93
604
242
2268
2196
1208
1901
906
2424
1341
1329
210
1768
1779
257
2871
185
1849
1250
1526
51
1742
2884
560
1074
2264
701
2475
2725
2723
1177
2244
1020
1757
1012
2167
1482
2188
92
1287
1983
845
2758
283
1634
2255
457
1263
2505
1745
2684
2204
316
2946
430
2826
2845
563
433
621
960
1396
1186
2842
1977
2209
2454
2568
2210
2069
2190
961
1556
2577
1297
2164
2319
1628
388
2816
376
426
1734
108
2325
2079
2911
2721
2511
1955
1633
137
2294
1514
4
975
1801
2050
2220
274
829
1800
996
2712
1036
935
2813
2752
2307
343
2287
2351
314
2024
1507
2617
2503
2461
394
511
1242
284
177
195
24