1714
2980
2474
1734
2058
743
2076
834
1939
169
311
840
2362
453
648
2910
901
1135
2011
2202
1099
699
2296
1930
2932
2820
2635
1923
465
907
235
2742
2677
523
2950
1792
189
2428
1804
1677
1911
2894
1156
2915
742
2333
2357
2426
1069
1592
80
2947
2022
1967
867
736
1583
1152
174
974
1461
2123
1569
1784
2144
417
2165
861
2819
2883
2745
2480
715
45
1632
1712
1004
2034
1896
2545
103
1865
2047
1347
908
2400
835
2783
470
2681
1963
1457
1117
486
2473
2875
1240
1998
1537
1316
2807
1444
1126
1682
877
921
1473
2876
2455
1802
1965
2808
1369
200
314
2964
2654
1788
895
711
456
952
918
1103
1776
1146
261
2372
1696
1854
2196
1863
1315
2985
2812
320
2719
2662
906
1764
1348
2140
415
2021
2534
1003
379
2260
1326
1687
2587
1742
611
1831
2990
2098
1513
1252
1402
1779
816
2674
2525
1270
1756
2659
2068
2925
2207
2972
1570
1559
164
763
1365
1175
2504
2997
123
1674
1748
369
1862
2458
1074
946
1310
1541
984
110
710
1020
591
2779
40
1586
2552
1471
732
1043
3
1086
2580
1766
1490
1908
2201
2062
1735
2641
1557
2209
1511
2451
1407
1580
1847
1875
2863
1730
977
2462
2440
2497
2785
1064
2671
539
2108
806
1231
1235
2616
934
2730
2182
2465
1620
322
147
686
275
2309
1115
1563
300
2502
0
2698
1298
2564
1449
336
2892
1026
1785
2179
180
2181
2394
1202
480
1038
1390
1699
87
1321
1626
1944
1379
1285
1799
1581
2627
472
1358
1111
236
1647
776
926
1406
1857
1189
403
2234
768
76
582
2198
447
92
2582
2617
2758
2489
8
299
1838
143
116
1392
509
2515
41
1974
739
2325
2049
2264
1652
1245
622
1223
2992
1435
1753
1825
2350
2069
1672
1619
1413
131
2024
2135
2713
809
145
1125
1498
1294
2762
1018
1561
871
151
2066
2649
1926
438
1425
576
1728
882
2717
758
1068
1157
2887
1594
2625
501
1551
2016
167
2298
2048
1598
365
343
138
2854
89
458
538
900
960
60
1259
1434
2160
2404
2607
603
866
2691
535
2463
1241
812
1424
1133
1150
1771
2166
175
1500
1900
1751
449
2583
2759
182
129
1629
678
2579
2824
2454
166
425
1325
1724
183
2460
2247
1456
2314
2922
2949
1138
2592
2869
1973
2279
1945
132
681
263
1182
2215
2032
2042
2227
1032
975
46
595
2632
2284
99
2952
2734
84
2962
17
679
2902
399
408
902
2294
2704
1713
2895
2903
1791
943
729
2347
2519
801
2573
2290
350
1512
44
1578
65
2488
325
37
1421
1306
837
1571
598
542
225
2602
1904
660
2832
20
1097
268
1479
285
2969
313
1100
1163
1356
421
2289
2365
2666
638
872
1262
2767
297
398
1260
2256
223
2425
2107
127
578
553
564
2983
1952
2322
573
798
1255
1925
2057
2093
1987
1102
2311
1880
773
1239
1400
623
2803
1822
378
1547
2707
2200
442
1732
1015
2977
2686
1554
985
432
2553
1168
2124
2335
2506
341
1410
761
376
1123
2540
1556
1084
1782
2444
2033
217
1691
1342
620
426
585
547
1600
2115
1897
321
640
1597
2513
546
2448
1601
2668
1090
1917
2804
42
2041
1179
1667
2477
2060
1988
1670
1211
1516
128
1602
1299
2245
2835
1323
625
2839
1519
1750
2555
2292
1066
894
2551
2071
54
1850
670
1098
2796
2690
2577
2086
2530
329
2957
559
1726
1382
475
983
1964
2934
2842
1653
1966
1271
948
2446
703
898
2630
2405
724
2843
2111
505
21
2413
862
2913
1263
2927
253
942
2063
90
2891
688
2399
1079
600
1627
1053
1013
1071
1980
811
2731
1768
959
133
1681
2081
899
848
82
298
627
2588
2384
1962
2559
2605
832
2374
2278
1899
1162
1574
720
1460
2858
1324
418
10
1641
2700
2821
2694
2848
2376
108
2929
430
1442
407
2464
1475
38
2802
1114
1941
2237
1137
746
2965
1763
1281
255
909
488
2861
1517
1423
1884
165
2053
243
2331
1690
870
388
1024
793
1789
986
854
1443
2486
194
730
2343
2138
107
2557
2339
1655
1932
2951
74
2037
919
2810
439
1842
2103
1972
28
1159
2956
1878
2235
1217
2373
4
738
1902
615
1482
2447
1668
241
2852
2814
2305
1198
502
1166
2790
2647
1488
69
14
332
1290
2149
2855
1317
2987
890
387
759
1055
232
2569
1701
1590
2816
2728
2620
2381
1373
514
211
754
1272
499
2629
723
1948
1718
2754
2585
2073
1195
1332
2676
850
2859
537
11
2408
2524
1885
1191
2614
1167
2186
1950
904
915
941
1912
16
2896
2661
650
316
1036
1717
338
657
2175
2225
2939
1417
1660
511
2064
2082
939
1017
2739
1088
786
186
1524
2763
1155
209
1200
851
2204
1283
2818
2259
2363
1225
1067
1378
2966
1106
1472
2415
2216
2503
1436
2847
1688
628
1273
791
1054
592
1370
2205
1762
563
2417
196
2143
2236
966
932
244
1575
1942
2708
2578
1264
1008
555
673
1754
2450
2828
2914
2670
708
2768
1022
13
2522
802
1333
1969
1803
1978
2908
2117
2162
2597
469
1869
574
1478
519
468
1127
719
2007
124
1044
1081
2612
122
747
23
549
1164
1986
589
91
333
1909
2841
521
1706
998
1508
2741
422
277
2576
616
1708
2197
1268
382
2110
1539
781
262
1216
579
1937
1960
1328
47
2194
1237
516
1050
962
414
2220
1448
1957
2266
2429
276
2277
1228
12
2825
156
2853
270
994
119
2889
2648
1212
1196
135
170
2
1818
1107
1176
33
2699
2495
1522
2002
157
7
43
2431
2291
956
1220
1006
534
2157
435
1675
765
2971
51
158
67
71
2334
88
572
102
113
1233
424
114
137
2105
324
184
2845
654
125
1501
1199
2249
875
427
229
134
150
2868
205
957
216
171
865
1639
197