48023
67138
35894
12911
67123
53649
20706
17700
5239
3175
8796
11563
45142
50755
33194
81356
55484
85364
90702
87455
26643
89248
87583
76592
46687
99726
4137
17277
12685
67406
82693
17626
29379
54111
26155
20208
31873
93907
62029
14495
42754
22314
7598
213
76289
15487
56927
27597
10375
52059
11598
24826
13433
25568
57594
31749
16425
99635
26557
87212
42828
90624
10721
7548
52487
92247
43159
74232
32059
31653
72096
17115
18680
51170
80817
92874
5672
46890
20449
49686
95824
26639
2923
16584
59287
66186
13898
21126
79234
15814
19094
40303
57926
53064
94764
39916
7645
65713
12472
41934
26767
91826
64118
37181
84424
96481
517
1215
25227
63373
59650
41034
53853
23471
55949
45172
19838
4965
47528
79132
22269
50608
44596
9247
49770
94469
54820
49846
46636
28102
77513
49754
35403
95700
19373
50565
62483
4736
21535
45083
71584
14105
88283
94978
32144
86585
56090
90363
7403
57363
73907
94966
33503
10440
53127
89316
13177
35882
36944
21361
1443
60003
95671
8650
25066
81239
81075
23310
28130
69924
86364
31122
92780
28597
84706
78388
97294
63459
39222
99550
11409
32133
97994
74756
94671
87731
61284
64927
42136
67467
79295
38235
81685
60859
28561
69967
91767
39801
21523
49573
25382
67026
88091
15108
49126
41392
96895
88329
34346
36495
69189
19320
14789
38786
8616
74148
54715
96591
11107
35704
23927
46699
24080
13762
2845
35972
15875
62823
15478
94327
11921
26749
82230
42339
15882
26891
74045
37683
77187
61684
68012
59989
94025
46159
38485
26191
26121
56103
95838
18944
4396
38077
10004
29078
86602
62289
95520
66024
12662
39804
13253
53544
17997
52280
90387
54388
9001
39401
28849
7030
86059
32021
77405
94411
4627
1535
37783
12956
68108
80946
83608
63923
45047
11079
50846
40456
60259
7589
53148
82318
57157
76206
16698
33446
65475
24678
3951
36528
43074
53819
53854
80965
36248
1925
79797
94177
27463
36926
30442
71691
77371
73819
34844
55028
65349
79294
35887
271
25967
19025
5561
57503
74113
90668
22795
50866
21130
98881
33513
28441
15783
38379
91923
76803
46215
9687
15602
30871
90090
9386
18206
82481
33250
43190
86118
17921
8277
33918
12360
95912
48290
11543
21051
55104
35516
52172
75467
69686
70040
85932
25419
76340
44725
17065
28950
47990
21092
34783
13121
33030
21657
50109
81729
30989
52518
51585
84732
20444
59811
56638
21445
36909
64638
51011
21729
63342
57266
58501
50845
78767
18388
95657
48839
94837
77402
5980
93598
13257
37447
97057
7822
70530
57513
62708
59842
14065
27348
82135
61755
59889
9399
14765
81673
88964
32361
58128
64227
7804
63669
29719
98360
31036
38387
73836
66044
75426
25684
5662
10777
44393
38859
56798
16301
45419
66484
10581
23648
60763
48144
72813
36721
52546
80863
36219
75676
96030
86584
80194
98749
35081
64207
9529
15065
50313
47236
34541
9245
11031
23228
79047
9767
98951
3706
36006
56238
19457
84758
69021
48892
24698
68314
5633
71420
85061
89409
37199
47513
99559
63148
7050
11754
55029
13511
37756
50710
57326
83428
4121
63913
62592
45926
87453
11786
4034
67276
86790
64719
15372
48904
48361
32970
59129
35725
51412
58145
98023
49067
60040
7061
65165
962
22060
97458
70498
17297
45099
75507
2079
18426
30133
63744
74439
83791
39371
35696
51617
49328
76064
76878
8644
70767
58678
95081
76971
2521
89580
55178
60517
1237
85032
64505
90553
78378
9462
88623
34382
5680
92886
55110
31074
48462
62377
41170
62209
48096
41462
19443
51593
11461
2615
39720
63601
95027
97718
3157
75026
11248
10639
20429
72847
6015
65867
59211
94428
76134
53990
82248
87805
96439
60511
98547
30937
13310
61527
92225
20185
21289
56257
28122
54664
30292
2217
45885
29233
3282
73406
69753
48007
3453
69944
14114
28292
3555
47611
17860
60042
94926
37679
23908
59822
23978
81338
4415
43156
84509
43579
83870
73060
84328
86977
25209
98084
45416
18343
51891
47732
26889
30702
50380
1431
16460
9927
70558
81741
32608
92323
74059
36516
57432
39570
7527
12003
44611
59699
9568
76602
93909
3707
44635
74735
16304
93792
14634
18715
65893
83260
84017
96911
74933
98115
42156
60346
66858
92441
62273
28955
30003
29844
31112
42458
48786
64528
73860
21125
41336
41583
73539
80640
82490
21041
63384
44259
32859
71153
92318
53515
72645
25131
8551
57420
74008
76010
24949
15186
3514
2268
16392
6861
90955
21477
2359
41293
34204
70587
96952
79450
19715
63021
14638
45549
13499
22117
77613
40254
56379
73213
90268
13610
96098
56435
98337
77318
36644
22358
89469
26533
69221
89990
33050
78299
9619
59649
62734
15260
35525
30531
8802
41689
43466
2879
59334
78088
81906
94901
47740
58748
72390
90988
54646
98907
4956
57048
64816
64323
69669
74551
79684
91217
92032
3726
26325
28201
83505
67015
92481
29933
99489
1489
37980
12914
12983
26018
27896
75902
33397
45840
36433
90434
16162
93765
56349
79077
4174
76859
91592
75513
94375
36162
96274
1759
265
13819
51300
6053
49843
75415
79003
67321
76619
89818
67588
26653
91546
43183
94668
77916
83494
7014
10054
20313
66964
14566
80843
38921
23098
20073
94600
43173
48827
80779
63168
70371
94508
76481
14459
37024
49129
65552
73343
36152
79156
83435
20664
34508
99740
43395
51443
83300
84571
46710
86279
10714
19508
81633
15858
12188
70655
21722
26849
13987
50888
81245
703
93614
5912
8845
62170
50518
65035
45133
69401
89800
72273
57784
80124
93583
29281
26669
71392
90572
96737
3346
5127
68800
65886
21740
29383
25262
38751
81926
59901
67502
42265
43993
90718
55448
1735
8718
80206
67602
38570
13719
63963
15820
81353
15048
26587
65555
18204
70058
29160
35787
71764
60476
39875
92126
23262
27646
36577
57047
44959
10827
45794
47429
60424
64524
79054
25841
91047
15870
80178
92085
61600
96735
11986
26126
16079
17122
80657
27450
53145
70277
36792
65057
50624
70196
86702
22973
30212
80925
44787
23435
73777
19171
54726
10779
83612
81332
91043
25149
92902
12567
36505
12600
72698
59495
91787
84740
87885
44880
30704
89369
17572
97642
65044
73971
13197
92644
16877
9396
25685
62595
29405
63516
4119
59404
87687
37308
56706
97104
88664
65220
98107
62730
18497
27981
22955
35797
39931
93620
42548
94912
49257
52756
89320
36473
54792
36992
65458
42453
65685
75772
23842
42842
33040
64198
86505
67419
96264
44182
87014
88769
95032
20911
47028
71239
26354
31948
27437
86747
17206
38389
54314
72731
55087
57633
5703
7479
35774
21365
40856
40967
66055
85050
77745
6921
99576
99802
91605
27190
43995
40114
37060
45791
51769
69418
61014
62893
71213
37330
10949
81241
68684
756
59305
59428
21329
42340
30586
6284
10045
27216
61129
49239
38612
51583
81600
80282
96983
52368
88695
98582
78351
31677
30059
30976
54914
35658
93717
63779
67325
68318
10260
74709
78535
12895
79623
16600
79859
21554
83160
63681
3314
86869
11614
90720
94526
23151
91930
12038
16865
14797
39864
93538
25785
10274
94057
32495
87127
96386
54080
25949
57440
48048
71486
60661
12118
29945
91532
68316
6269
3561
17093
39402
4706
9598
15872
29664
32282
81634
38544
89146
38660
77153
54506
80846
56838
54952
62251
30863
81923
5638
68974
41350
2523
7727
8818
13592
82590
14666
18898
40881
27169
75668
30441
49307
68693
45405
64427
67641
76422
90818
77798
79162
98262
29286
2812
69917
77489
92455
96971
45137
5272
40160
5997
48000
30160
9403
1188
14923
24283
12961
44756
67610
21428
52088
68987
71158
94096
21433
98353
11670
41469
15607
16891
33945
78733
43673
55788
58117
18810
97681
63649
9438
47507
48254
15085
79825
23777
84307
28045
34181
91638
44508
44541
56233
50945
46324
73855
81139
76830
12017
4068
83770
70960
47940
4587
47047
63860
7574
41298
44497
55079
31038
47844
54541
35321
53915
61876
31781
59381
56319
12596
7923
67029
37876
67678
26213
85773
74086
75653
78889
80211
8901
83691
84814
20749
88071
51821
90810
93076
1892
39686
71222
2781
86003
11290
84469
73425
18513
24522
76887
26547
69037
28646
67625
50529
29133
30202
74377
36921
47711
10050
69521
54384
54524
6927
58470
64035
70866
95664
79574
39442
96092
34761
87157
86091
87263
95816
53897
942
3318
6543
25237
19196
66194
34627
21492
74426
75352
11008
11747
77864
69888
13759
98840
26981
22568
28174
43425
29591
42369
37324
43267
42449
59398
45766
64197
4132
70963
21764
77384
78065
80037
96572
36545
55578
96830
1008
17715
2466
46396
8533
56039
63189
16695
5866
15334
64380
46456
14168
19073
61599
76503
80276
1803
82006
90669
6750
93063
59707
58967
3492
75962
12498
19463
61638
28582
44218
30474
31380
35837
39951
96899
98888
43239
69298
2007
50730
29842
53118
63406
66118
99709
66980
69467
73165
83261
49350
91903
55148
18575
84275
67376
26757
19354
37415
52904
77497
40468
79091
88519
82769
84323
73624
89525
96007
65638
22420
96655
15127
27372
17914
40154
31233
8363
38680
51307
41495
43507
62808
50789
75301
31269
59538
70490
61170
64923
56651
86530
65817
13222
73546
74580
10867
78715
78986
86960
72191
77515
91847
93699
950
16603
59523
78488
5148
21048
98752
6044
63968
57941
38144
9090
9257
24002
29087
203
25865
41222
45359
33763
1164
33880
58627
35432
36690
72153
443
33653
75059
16951
94462
75351
46970
1895
18926
23897
21652
18972
42727
46145
48792
52177
6108
61569
99013
43336
65683
79669
50578
71388
75166
83802
77203
1533
1595
2225
2403
71122
23505
16461
26293
16932
21442
50785
53753
52478
25378
71702
54216
38823
30794
64895
57287
68471
6360
90991
68571
6593
92964
60693
93555
29810
6419
3922
77593
87237
32329
67895
77426
14555
83036
14840
87967
89612
45711
95287
32696
96496
89341
70430
16573
95209
40037
81052
76262
7630
48055
19182
56242
66049
2532
83489
69180
6462
73365
60925
84995
6668
25692
14568
64502
48571
10428
15610
153
58770
34556
57159
23559
36787
6838
43010
51641
54555
26954
60874
82084
78870
84466
68727
58530
73328
11534
48050
76239
58321
86929
97005
90204
43774
97239
92554
18698
43066
11096
73582
23977
12834
31137
60811
39747
41345
44111
60559
13015
84518
45588
31923
79867
50416
64316
56518
61023
61468
28003
62868
28202
68336
45068
52049
71431
31010
90096
75350
50298
79907
33347
88015
37017
95237
97443
12858
36276
29377
72595
91953
38728
86601
85377
1781
56894
97577
70432
81221
54021
79363
97228
76532
90473
97474
97211
56885
98015
66334
1061
93312
2735
6122
6370
3760
8007
1690
12351
15634
34019
16850
34503
30039
73275
61938
38996
69419
10599
82658
74074
13895
506
16720
35695
73109
47546
26456
2208
34948
47127
20790
36567
9693
52618
44229
48724
63417
98223
64844
76949
22508
72841
78717
55638
81294
87509
58235
54717
18483
55147
21696
35257
56168
35334
39815
82067
46734
88985
48804
50000
12640
52023
60204
62752
2778
79192
68434
6833
71256
75168
71453
1358
8807
3621
33818
5387
11772
11349
8249
71528
17770
38667
49705
99950
17948
19698
9896
20438
32319
43963
37127
61429
38245
71305
38632
9889
46618
55512
61352
37649
65690
90206
18347
95893
65791
51737
71766
75983
32645
1066
9659
38545
2041
2074
21685
3202
6383
8690
87282
10173
34826
30383
12875
14085
54521
49564
17333
52508
28915
36326
90053
40933
880
96143
51235
36040
63103
46573
65092
69796
70014
70356
78384
97077
54303
785
87878
91421
1858
32194
5303
84369
68772
19216
20407
23011
24410
34254
33886
3028
47870
10224
55255
60364
69067
44733
62117
75217
69901
70733
72553
87314
81265
90612
6079
82402
99888
31372
94848
3323
82807
2267
50024
9745
15467
7099
16807
19024
19303
90333
20638
28748
22002
37078
34549
38769
43611
7743
40475
6695
92860
46253
50114
4193
54695
69992
59264
76236
62970
31951
77157
71269
84460
83322
58089
83763
89324
90037
84652
95337
76259
88325
95349
22904
89493
97521
42345
53851
98841
98970
1519
49887
5584
94088
9969
8042
79273
30135
21509
17835
31465
4202
3711
37574
55517
40539
90068
41425
97844
92221
54560
45154
24044
57422
75795
95556
78597
81995
75749
85445
66667
2679
43540
8189
5848
15246
15684
21291
18256
28781
22136
24074
35094
85867
26447
39602
27230
16063
25587
38253
2258
6641
38765
37015
80090
42373
99857
46053
14456
55145
49731
50919
31553
51684
91993
52628
51908
13803
52426
55409
58147
82901
64296
95601
70274
30491
32566
83454
79884
84277
83635
6447
89094
97264
98334
59807
46978
16085
84046
19626
41195
8013
21198
17033
84849
28156
60765
61745
55348
23331
80524
83035
84334
79034
53031
95627
97302
97315
18364
6879
91232
96901
23289
94325
48545
27157
84182
28473
53518
5537
31768
33696
43164
54265
62805
1059
56196
84845
80585
65610
80364
75778
71121
76648
86317
83082
97649
73225
31828
98792
1983
54590
2886
11269
41056
12651
15526
28867
30424
34101
42879
37405
71622
97967
11440
48963
55871
95243
58878
89623
86520
96603
79950
26926
98748
99783
98889
86020
72250
1445
7767
56273
12169
60755
33649
53542
86758
19031
25994
22803
10005
26463
34658
87512
61076
40919
17285
45941
23487
54839
47432
48607
22733
52925
64087
53589
54614
24931
54962
13029
41690
63462
44660
18682
83215
13812
18728
16665
89275
93916
88535
86637
97960
4561
79995
18230
24372
20958
21825
25537
53970
99855
14799
26364
23867
89723
50493
42975
64120
67462
73561
72170
75156
75885
64888
76061
72444
1176
76319
71719
97452
90604
26630
94849
32886
84245
1235
78606
4244
5140
18069
23618
26768
85277
61749
50325
28539
36588
34500
39434
42420
48233
97822
75827
4361
16243
55749
39842
59391
79241
62748
69522
3199
87010
98283
88176
98522
88939
91886
72194
93836
98988
85383
46513
4536
4594
71907
52717
12909
14817
16533
18891
22334
91072
27888
31668
35038
39033
39509
40488
48831
33798
57807
75297
37598
19365
91561
91801
93971
50812
96053
96272
35839
6153
9835
44205
12705
11368
20832
23757
65897
24106
28585
44080
28658
76460
30914
26338
33168
11033
35505
80882
85211
22112
67255
35554
90987
15155
44701
55362
56383
75175
69281
47600
29482
70480
5663
76240
17612
81216
81825
93884
82749
60508
19905
85089
10742
72949
60087
96533
56095
55374
98350
1087
31488
8931
61694
17301
21548
99757
22682
92010
28462
29396
49669
32641
80172
30563
56312
79773
31050
49268
62577
32891
20590
38846
39802
40839
70547
53478
43622
67487
44189
60380
44380
3615
64631
46339
54075
93293
64386
7885
55421
39517
75089
59263
15831
9161
59853
60718
65278
96524
17353
68207
67200
73527
85323
90734
87752
94933
93441
98654
99799
6589
51423
39868
8600
91399
13138
12459
16084
20808
85101
22086
3431
71348
24512
64943
25277
27307
35547
27068
40315
46918
56512
11569
39949
50745
61182
56536
88988
59169
60480
13781
43453
66457
79848
62071
69980
76905
78049
66150
30852
48265
99139
15500
4930
85899
90617
5234
28389
72991
6964
36860
9004
44474
51289
20677
59180
88728
63137
35889
69752
64715
73126
65078
69679
77011
80117
83769
43358
88513
88790
89088
26963
89753
90046
30433
95085
95732
98306
96561
56248
46930
1632
93436
48874
54515
4017
81779
7178
49487
16721
89252
17467
72244
19848
96127
42502
63856
23063
10074
30785
54744
69251
32164
32721
46449
45279
61905
27204
54882
75625
60600
63108
71843
81748
92013
72038
82367
10348
72187
72929
73887
73946
78655
25000
92807
15966
80022
86608
12660
58333
91805
41988
22933
92616
40138
11968
95318
37831
48464
2257
24296
3338
4266
65661
11770
35344
12192
46624
70091
21599
4648
29615
36716
39303
44722
80960
46631
1606
47335
54058
2864
56140
97441
57228
67633
17929
73220
91350
70898
92454
37900
94949
99900
55741
24102
30000
86916
30125
61002
10527
31619
38359
39266
42474
85303
46756
46900
49260
64230
64869
38346
64911
72918
32501
77559
65587
81295
57149
90197
95937
98041
54532
3546
44698
7340
21868
32926
23007
39344
44859
39381
871
77114
55234
12450
470
60775
71025
46285
72455
86390
11199
96977
97249
41755
98555
489
32213
9456
12461
17993
89969
3467
48977
90035
58203
21338
82725
59504
65222
83202
77948
78799
92862
87863
73935
94778
21189
99143
1311
11439
17557
46875
17802
20721
36467
28323
39575
28510
9016
52472
33797
48661
46744
35523
77811
22487
39085
62107
52217
78890
66115
8274
70335
37912
86313
87562
57702
88620
44297
22536
90576
70298
18200
53926
98169
98477
14392
58
944
2298
5979
7055
3685
36463
8742
28926
65739
9553
58228
25654
17769
28985
89706
32616
41754
36221
70871
48853
44630
44540
48722
61767
37162
68226
79763
92796
72240
72849
80838
10008
38994
91190
12093
39835
96926
11723
61354
98186
99842
2621
73932
6074
60236
90792
8581
67522
8753
13945
14992
36455
74319
48691
48938
67114
49437
86899
56368
29976
86901
58504
77725
3638
94568
48818
81757
72635
7387
7738
7748
13519
11229
12943
53737
8779
13501
26658
14779
37721
16126
16188
19113
28822
73729
30076
53393
30859
35538
68761
32774
39716
8961
42609
47137
17170
51033
93659
60674
31258
13198
91623
60970
61485
67656
76762
78346
78254
82273
13388
46030
85071
51901
87306
88597
98065
76155
26494
98301
1846
65918
3483
4259
97930
9327
17485
17819
24862
36543
32419
39092
80726
48763
50775
9841
51027
42711
54561
56773
47848
97081
74910
60056
63305
20308
63746
78959
78950
67562
32884
25880
68346
70711
72332
72998
75088
77591
84630
99696
10706
12697
35980
13570
21617
82072
21785
25761
19743
34310
20564
51455
19907
83465
55023
56893
57319
49600
39639
62034
72380
72902
74194
31860
79227
34444
80114
81555
35181
82304
88589
84049
43660
57236
89124
94807
10767
21600
284
21691
51475
26664
28151
63966
29862
64341
28864
34395
94858
47325
34684
12142
92728
41291
5024
47797
43604
13539
48951
34416
74229
65117
49756
9223
21165
50443
45141
51903
57155
21302
52604
60770
53119
62324
47009
66117
88606
70132
30610
73772
76573
82334
16947
33061
81763
91487
91612
46739
94190
1708
59628
12857
95340
80730
7009
11951
5710
15857
44820
84279
55057
17106
32691
51219
33502
37708
78911
35095
37978
50721
48437
71350
78914
47430
4107
82854
98377
87019
7225
91645
88520
88809
89458
89987
76820
89695
56035
93474
28378
56346
98413
1898
3833
55440
2131
9213
14915
20381
25238
18148
25344
31468
46045
35626
49595
45167
27336
53866
49596
16589
61443
50150
57050
27514
59874
4319
67777
56244
61980
70484
67583
66358
85107
20704
86563
27611
14934
88631
90007
90100
91570
60249
93163
90467
62806
2717
17283
38174
13679
49085
22806
25489
18877
25777
40358
606
83978
43835
47788
45112
63559
65633
60425
68633
85417
75010
90626
75335
86106
76734
86554
94076
95674
96799
1853
7802
10656
11444
11452
26679
12590
45569
49982
13888
16987
18120
1451
78393
19061
62280
29738
28252
15649
33024
39650
40379
64874
66718
40859
65398
49911
42632
51061
53098
70980
55308
59546
18678
62784
85951
64639
77484
65837
66208
34085
67148
70433
37976
74946
75757
76213
90912
93558
98552
697
5132
3424
11732
10095
14660
15884
5139
18378
22393
78067
22855
68213
47285
27729
33828
33415
74782
40076
25181
5038
44316
8882
46423
46552
32480
47053
47219
51138
53467
18586
62305
29892
82795
65466
30123
4020
70932
67157
76761
77819
52460
71478
83934
6711
91786
84204
82312
87288
36572
73161
87550
91410
91464
71924
87986
93648
70544
95609
8037
96275
98873
12410
12814
22468
16137
26584
86750
73305
29962
44419
8575
33984
34422
38978
39244
10007
26638
47022
78474
45205
53946
98384
11378
58538
57298
65471
74573
78970
6450
82386
82552
87600
25019
90465
25258
37872
93210
4859
30768
35848
66817
7344
82228
8730
64771
59341
97267
17952
20247
22810
30062
50321
30625
31723
56832
43967
51441
13329
51465
74660
49220
53445
53693
66405
84412
58649
74403
90295
75661
76717
88870
89391
43308
90699
3937
4370
5857
9260
11922
76039
12804
52772
17601
22541
74040
19141
62382
24990
20956
91391
52912
75678
24262
4614
33065
34522
47835
35142
35296
94141
39579
67213
40117
22726
35451
45863
71359
51498
51777
56164
36799
960
65741
71457
76979
82895
40949
85774
90083
55072
91269
54840
17926
96066
1405
59111
12589
19246
22919
23629
23980
25630
27649
25934
26480
4311
67464
29654
32128
35446
36470
76478
40942
50281
43561
98496
46388
43746
48604
48556
48423
50508
54204
59672
69836
54320
51075
62310
13856
58442
18661
3330
66180
31894
67229
82449
69817
37382
69881
74363
12273
22310
76466
44049
47210
76879
80536
44945
81963
76097
87047
88326
35048
61692
88674
94296
83614
91602
59396
88761
88918
89080
93677
89600
94937
3754
93889
4331
12408
96988
6144
38213
740
31694
49716
6199
25398
62276
7068
3091
11676
11912
29537
13917
17405
14828
20584
7683
22184
24049
20151
24753
90018
29024
30645
36226
45681
32212
28410
32416
65289
32821
4483
35236
35507
44271
49355
50962
51082
32969
69560
51382
59953
33986
66599
45932
6460
68597
83542
24869
85890
74958
56605
1174
5496
9387
11915
23560
20908
25204
26619
28363
84417
39053
39825
71675
43759
47968
48197
49187
7250
8097
49565
53849
527
55983
60570
62930
67819
89128
59895
73556
84943
79040
14716
18866
80299
93296
86524
87543
89629
99688
94626
74998
5135
77793
66224
6920
10691
30564
11405
13019
58317
13806
17073
43200
14143
18832
83645
57092
19796
22020
74141
24738
32943
26198
27430
29363
63518
75764
39334
40283
41344
63912
41948
45778
51434
32078
50212
53198
62471
46165
54912
59159
11182
57668
29683
76271
65432
72345
73588
73944
15860
76839
75058
76160
1255
85017
44764
98082
85627
3889
87419
36529
90894
92504
98363
88200
52769
96505
60855
617
27923
80052
2818
7313
2605
6698
15200
21630
7457
92087
7591
58887
31474
9503
33023
29202
10212
51283
13147
16745
46777
16791
41173
19252
17147
84443
18457
32115
24330
20042
20504
92654
20963
36239
28388
96344
55777
28992
82863
30508
57813
33016
17902
38945
39288
78667
39529
65139
42630
10406
44124
45976
10831
47334
51822
52750
62338
61472
82056
48660
63723
63844
70801
88506
64067
71298
9431
77167
80771
85490
97942
98064
99845
21000
1317
5491
63514
7800
7947
14040
14457
20712
23660
25633
67009
26140
33370
41827
37603
91618
81293
39196
47782
49249
50517
55119
55153
58741
59308
60417
61085
70906
74788
88349
76802
80402
89265
34538
74942
80956
95366
96371
1903
3974
11224
15705
20889
24950
27019
13418
27304
31902
34966
25869
34476
81097
63831
38040
23870
43170
45583
72631
50162
52571
409
55650
57669
59867
60675
65270
71856
77724
65665
56509
56215
79247
68534
73095
92677
81472
73684
58681
68009
78154
86724
91388
93241
872
90164
5384
68146
5925
92576
30750
6557
66357
6992
30665
8798
12099
41348
18787
46126
21401
26215
43887
76749
22432
56962
83863
22583
30930
60676
25873
74299
29727
57673
19571
34197
83445
17289
41850
17605
98916
43878
38483
77517
48122
59907
96661
19782
53922
60443
57471
19041
66380
26790
67675
93706
66162
68509
88311
71349
16436
83451
22474
85816
85791
25231
89395
81744
53761
90713
92991
34637
93300
45353
76637
98006
93109
98157
1886
19207
5723
45319
35367
6706
7522
8150
97708
14441
21766
31651
29188
30671
31843
49206
34817
35860
77149
38352
39444
43392
46583
51248
86069
52297
56235
61794
69080
11321
63484
34179
97520
71313
88533
17429
73704
16316
36137
77844
83571
5487
6148
85262
87116
91322
95033
93175
5750
7303
94974
13919
25609
95724
15544
32389
13793
18515
72792
18040
30052
23792
67975
33242
39981
22080
41198
42262
45560
95786
45952
32103
48181
8341
50928
49527
439
56928
57556
60898
62987
14423
67869
78642
71804
77958
64374
80583
81957
18114
55049
96489
97587
98145
20829
57501
3010
3505
12098
16572
14450
67870
12196
13749
33753
15485
72769
74900
15918
11123
17597
16732
58345
19317
24516
16024
25134
31259
31402
35948
55169
36961
42823
32117
44730
76849
46257
88958
51846
67038
91789
74215
58926
12107
74869
40595
75522
71621
34039
80543
29353
14596
24423
82800
29606
79058
85525
53484
90208
80867
47278
289
96698
96736
99837
8077
12627
82504
13287
92600
40813
93421
17853
27479
49435
43841
42497
2188
44403
13152
5579
48211
57274
57862
18110
45956
59060
79872
48791
62634
71798
75211
14077
80222
89365
88068
81021
14440
81775
91274
88844
93197
27637
23246
6426
7635
18199
69544
13456
14360
26029
50482
15205
18808
74921
20410
30695
21328
68078
23571
99621
70171
24059
25135
23322
8340
27964
44332
31662
87445
44823
32461
35958
10080
87820
36388
40966
85928
41035
41692
88568
43569
42505
44438
7201
44261
44786
42818
79134
45953
75685
48190
52407
52737
90060
18858
54214
58922
63191
43278
82272
20604
58280
86068
91062
1409
93822
93946
22103
97278
32673
80602
29368
2586
38844
4047
69733
8253
94441
14250
20184
24246
25006
64454
27676
37039
28336
21052
34294
36983
30991
38146
7705
47726
39426
42576
30855
43006
47605
42492
49615
56416
50706
8430
73256
58289
62132
42273
17381
67970
72877
69252
72567
86169
37044
12897
78257
84621
89362
27390
89533
90307
24131
91233
27334
92851
48944
692
96910
6899
5193
67075
9656
11466
10741
17046
18652
20132
50069
12891
24528
23182
26094
28790
33504
37464
77570
65524
55369
40923
46133
49598
52919
58841
30942
38062
22693
60772
61537
56345
62524
69547
46408
70169
73908
71266
81713
27627
84619
15269
85010
76490
25311
85514
90098
80003
91352
19153
67306
94356
65
2334
31067
70389
82487
6573
42815
16670
45582
6886
39674
8361
17604
65773
17616
95358
31336
23086
26956
43969
28835
31537
47379
30360
8018
36086
42269
73248
29457
46903
64850
60961
20999
78784
61052
64274
67375
68792
72528
2888
79389
88972
81330
48501
67978
88509
9211
89478
17452
93119
90426
17544
77728
91254
96497
93560
4432
5528
93923
17648
95077
49216
44535
95390
98121
88
659
68380
663
61163
49719
2005
4167
24704
7851
35178
8132
10055
63357
28503
16669
39707
90472
21607
22600
68811
28394
71589
26501
15774
27761
29656
60331
34909
86927
49771
16390
43154
63177
82285
17202
43733
95378
91005
84257
50292
65198
9182
52342
69141
52495
53295
62134
22846
90833
66059
87740
18534
62114
15790
88219
63150
54052
64872
57920
64439
66604
3744
68694
73170
7616
68884
32081
69227
81544
82771
39567
90104
64138
83288
91799
89105
12782
92488
5557
7193
7051
32959
9978
13851
15931
14541
39482
16657
18150
98480
19019
21531
51223
22428
46042
27675
41862
28642
16534
23292
32867
39073
39206
10149
41711
93199
64188
43415
11774
5874
43529
46372
57450
2332
49537
30890
57681
56084
62840
60974
74245
13317
62825
67787
67967
69850
49029
27712
72118
75609
76241
90249
48527
12868
77097
80401
23346
84655
85187
62557
91750
1054
28442
97342
31706
37152
2807
4010
5565
24355
8935
22922
11189
28838
66710
17957
42085
27826
34175
34723
51469
88142
32347
64930
46887
79806
34499
47919
49751
51419
54491
77774
52496
12294
60861
6694
63689
75330
96382
72223
88153
85052
41881
88770
6763
80568
90956
93005
94003
2576
2742
4620
47146
20123
8094
76786
83849
10987
15086
15709
15650
16245
20285
27529
21897
24804
26236
28079
18812
94331
35251
29266
30244
23047
9785
43846
6580
44351
2048
45395
45412
47885
46623
13450
48608
49818
8820
56882
73740
64184
82789
72363
1322
13385
88635
83437
89929
81909
44418
90447
53388
93460
58364
93701
46590
95356
586
95460
67773
4495
18348
18440
70409
9866
6111
10339
32180
14678
13226
39310
43290
16921
17262
56281
21053
21732
77705
25735
23825
47446
24710
46503
24936
25112
95157
25740
30885
51414
64690
34253
7157
62515
38506
35579
36968
38206
95970
86243
29374
80347
44233
4479
87055
45276
7320
51807
58966
63807
64823
12965
72089
74734
42359
75444
75822
12503
94051
85696
34098
85829
92299
93636
61805
701
22745
27277
5207
6466
56699
952
327
57553
61811
67414
91104
10114
34069
55105
15644
19404
16052
21334
23454
27223
11654
28380
96444
5927
28498
29106
48758
30828
44469
31335
34005
88547
40319
53288
40766
57485
46156
51959
56733
83881
99647
63217
9453
69277
70665
59066
70238
72667
84817
59747
78963
84256
17864
1887
88211
91568
1478
31320
4323
17396
40232
61328
7370
24951
37629
15059
15213
48232
12216
18572
44920
45918
22407
23398
59589
26103
26180
27928
94561
51436
55370
67105
30181
30898
38397
23623
80815
32338
46986
92693
33768
34628
44140
36472
60144
36568
6996
40851
40128
42769
40280
40752
47342
33180
52403
28136
53456
48032
53790
56389
63049
88952
67596
83320
51731
76569
22571
57956
88462
93243
60095
69479
34777
85402
84691
15996
94114
49621
89218
83882
10230
71651
89964
57413
17462
69200
87214
73858
41062
85817
19757
19018
6989
8701
75170
40440
68942
30495
55800
3411